%YAML:1.0
cameraMatrix: !!opencv-matrix
   rows: 3
   cols: 3
   dt: d
   data: [ 2.1549651869621684e+03, 0., 9.5950000000000000e+02, 0.,
       2.1549651869621684e+03, 5.3950000000000000e+02, 0., 0., 1. ]
imageSize_width: 1920
imageSize_height: 1080
sensorSize_width: 0
sensorSize_height: 0
distCoeffs: !!opencv-matrix
   rows: 5
   cols: 1
   dt: d
   data: [ -1.8450804577086777e+00, 5.6953663900627740e+00, 0., 0., 0. ]
reprojectionError: 1.0529022216796875e+01
features:
   - [ [ 7.28937622e+02, 7.83684631e+02, 6.98274841e+02, 6.35453247e+02,
       6.72455994e+02, 4.87384796e+02, 6.57239807e+02, 3.53410492e+02,
       7.84946350e+02, 6.97505676e+02, 7.55806763e+02, 5.45228516e+02,
       7.32664612e+02, 4.00920685e+02, 7.17005981e+02, 2.75691956e+02,
       8.76287659e+02, 7.57774658e+02, 8.45760254e+02, 6.06774109e+02,
       8.17161621e+02, 4.55482391e+02, 7.94613342e+02, 3.21160675e+02,
       9.37595947e+02, 6.68533203e+02, 9.07309570e+02, 5.15496033e+02,
       8.78824402e+02, 3.70566345e+02, 8.54177551e+02, 2.47704865e+02,
       1.02616028e+03, 7.27159851e+02, 9.98247864e+02, 5.77475952e+02,
       9.68074219e+02, 4.27860016e+02, 9.37117981e+02, 2.96118927e+02,
       1.08649072e+03, 6.37715149e+02, 1.05606726e+03, 4.89423431e+02,
       1.02437866e+03, 3.48055939e+02, 9.90870605e+02, 2.29022766e+02,
       1.16558435e+03, 6.94563354e+02, 1.14143445e+03, 5.50265625e+02,
       1.11041211e+03, 4.06980774e+02, 1.07377515e+03, 2.79810699e+02,
       1.21778296e+03, 6.09002136e+02, 1.18934009e+03, 4.68449524e+02,
       1.15658313e+03, 3.34136322e+02, 1.11759790e+03, 2.19803925e+02,
       1.28618384e+03, 6.63010803e+02, 1.26494788e+03, 5.26884399e+02,
       1.23392224e+03, 3.92991394e+02, 1.19560938e+03, 2.71844879e+02,
       1.32792676e+03, 5.83483276e+02, 1.30128735e+03, 4.52907990e+02,
       1.26944727e+03, 3.26977509e+02, 1.22841956e+03, 2.18280045e+02,
       1.38456848e+03, 6.34663513e+02, 1.36495349e+03, 5.08106323e+02,
       1.33553638e+03, 3.84299286e+02, 1.29869873e+03, 2.70430725e+02 ] ]
   - [ [ 7.48268005e+02, 9.83259888e+02, 7.25209473e+02, 8.25308167e+02,
       7.07448853e+02, 6.67393616e+02, 6.99809387e+02, 5.25872375e+02,
       8.14947144e+02, 8.97369690e+02, 7.92073181e+02, 7.35075867e+02,
       7.75039307e+02, 5.81806213e+02, 7.64810181e+02, 4.50332062e+02,
       9.10706604e+02, 9.65060425e+02, 8.84793701e+02, 8.05039368e+02,
       8.60775818e+02, 6.44273682e+02, 8.42022400e+02, 5.02393646e+02,
       9.80699707e+02, 8.72817627e+02, 9.53219055e+02, 7.10829346e+02,
       9.27227661e+02, 5.57696045e+02, 9.04206726e+02, 4.29062256e+02,
       1.07328589e+03, 9.34248840e+02, 1.04721484e+03, 7.77022766e+02,
       1.01809216e+03, 6.19554382e+02, 9.87325073e+02, 4.81425110e+02,
       1.13885291e+03, 8.38790222e+02, 1.10809131e+03, 6.83634460e+02,
       1.07559705e+03, 5.36042480e+02, 1.04084241e+03, 4.12779266e+02,
       1.22092224e+03, 8.94870850e+02, 1.19588135e+03, 7.44678589e+02,
       1.16281812e+03, 5.95885803e+02, 1.12381824e+03, 4.64477905e+02,
       1.27448523e+03, 8.01815430e+02, 1.24310437e+03, 6.56581238e+02,
       1.20721753e+03, 5.18294495e+02, 1.16495483e+03, 4.01738129e+02,
       1.34531567e+03, 8.52417297e+02, 1.32038977e+03, 7.12175232e+02,
       1.28537964e+03, 5.75182373e+02, 1.24290430e+03, 4.52163147e+02,
       1.38538196e+03, 7.65397034e+02, 1.35380896e+03, 6.32059570e+02,
       1.31700012e+03, 5.04353821e+02, 1.27159595e+03, 3.95516815e+02,
       1.44414160e+03, 8.12322754e+02, 1.41897644e+03, 6.83147095e+02,
       1.38386401e+03, 5.58136169e+02, 1.34159619e+03, 4.44084320e+02 ] ]
   - [ [ 8.96103638e+02, 9.30333252e+02, 8.71963867e+02, 7.99500305e+02,
       8.47449402e+02, 6.67062561e+02, 8.27968811e+02, 5.43053040e+02,
       9.49616760e+02, 8.55892578e+02, 9.23760498e+02, 7.20115662e+02,
       8.98834229e+02, 5.88482727e+02, 8.77261292e+02, 4.69776550e+02,
       1.03072278e+03, 9.09956604e+02, 1.00503516e+03, 7.75491882e+02,
       9.76928955e+02, 6.38733582e+02, 9.50479614e+02, 5.12736938e+02,
       1.08713147e+03, 8.29600586e+02, 1.05897852e+03, 6.91771240e+02,
       1.02859802e+03, 5.57806824e+02, 9.98896790e+02, 4.39613068e+02,
       1.16712366e+03, 8.80972229e+02, 1.14158655e+03, 7.45408081e+02,
       1.11087939e+03, 6.08282410e+02, 1.07681506e+03, 4.83151764e+02,
       1.22202332e+03, 7.96732300e+02, 1.19208752e+03, 6.60663208e+02,
       1.15801306e+03, 5.28243652e+02, 1.12039880e+03, 4.12615631e+02,
       1.29595374e+03, 8.45313843e+02, 1.27139172e+03, 7.11736450e+02,
       1.23861096e+03, 5.78002380e+02, 1.19895447e+03, 4.56052856e+02,
       1.34422644e+03, 7.61226624e+02, 1.31378125e+03, 6.29360413e+02,
       1.27757849e+03, 5.01565399e+02, 1.23448560e+03, 3.90040833e+02,
       1.41054919e+03, 8.06615601e+02, 1.38628906e+03, 6.77571045e+02,
       1.35205896e+03, 5.50252441e+02, 1.30967676e+03, 4.33171722e+02,
       1.44948340e+03, 7.25549622e+02, 1.41887439e+03, 6.00168213e+02,
       1.38190979e+03, 4.78557648e+02, 1.33621899e+03, 3.72353760e+02,
       1.50734009e+03, 7.68491699e+02, 1.48285547e+03, 6.45706787e+02,
       1.44814111e+03, 5.25969360e+02, 1.40566455e+03, 4.15003784e+02 ] ]
   - [ [ 1.01084949e+03, 9.14240845e+02, 9.87120605e+02, 7.91508728e+02,
       9.60228577e+02, 6.66957397e+02, 9.35731812e+02, 5.48398071e+02,
       1.06131079e+03, 8.43492432e+02, 1.03476392e+03, 7.15366943e+02,
       1.00621356e+03, 5.89678223e+02, 9.78777161e+02, 4.74492279e+02,
       1.13854871e+03, 8.93705505e+02, 1.11337695e+03, 7.66016907e+02,
       1.08329956e+03, 6.35281616e+02, 1.05233777e+03, 5.12835938e+02,
       1.19269482e+03, 8.16765930e+02, 1.16402380e+03, 6.83912598e+02,
       1.13030737e+03, 5.54117737e+02, 1.09521631e+03, 4.37500916e+02,
       1.27012598e+03, 8.65018005e+02, 1.24511926e+03, 7.33777588e+02,
       1.21240149e+03, 6.00265381e+02, 1.17419702e+03, 4.76440826e+02,
       1.32429175e+03, 7.82801086e+02, 1.29374231e+03, 6.48842285e+02,
       1.25628394e+03, 5.17920227e+02, 1.21347412e+03, 4.02096313e+02,
       1.39731506e+03, 8.29590210e+02, 1.37302808e+03, 6.97497681e+02,
       1.33806262e+03, 5.64275513e+02, 1.29403662e+03, 4.41507751e+02,
       1.44618823e+03, 7.45090271e+02, 1.41476257e+03, 6.12668823e+02,
       1.37485193e+03, 4.83765228e+02, 1.32638159e+03, 3.70429779e+02,
       1.51359351e+03, 7.90158569e+02, 1.48914453e+03, 6.59480591e+02,
       1.45223633e+03, 5.29959167e+02, 1.40498535e+03, 4.10220612e+02,
       1.55437109e+03, 7.06222961e+02, 1.52223389e+03, 5.77907837e+02,
       1.48106543e+03, 4.52981201e+02, 1.42929956e+03, 3.43526550e+02,
       1.61425208e+03, 7.49883362e+02, 1.58897925e+03, 6.23017578e+02,
       1.55137427e+03, 4.98860626e+02, 1.50336475e+03, 3.83547424e+02 ] ]
   - [ [ 8.76440186e+02, 8.20587952e+02, 8.58703430e+02, 6.94114258e+02,
       8.41161926e+02, 5.71220215e+02, 8.28543213e+02, 4.60496857e+02,
       9.29162231e+02, 7.48327393e+02, 9.09711365e+02, 6.20243958e+02,
       8.91572144e+02, 5.00516266e+02, 8.76527283e+02, 3.95654480e+02,
       1.00483917e+03, 8.03407349e+02, 9.83849609e+02, 6.72902405e+02,
       9.61734558e+02, 5.45972290e+02, 9.42052490e+02, 4.33547607e+02,
       1.06049951e+03, 7.26879578e+02, 1.03704517e+03, 5.96167175e+02,
       1.01255865e+03, 4.74053711e+02, 9.89554871e+02, 3.69475342e+02,
       1.13742065e+03, 7.80867065e+02, 1.11456030e+03, 6.48817078e+02,
       1.08814661e+03, 5.20781677e+02, 1.06041931e+03, 4.08446533e+02,
       1.19202783e+03, 7.01651001e+02, 1.16497546e+03, 5.71773743e+02,
       1.13532983e+03, 4.49936005e+02, 1.10412744e+03, 3.46906372e+02,
       1.26519446e+03, 7.53889709e+02, 1.24162451e+03, 6.23345520e+02,
       1.21157520e+03, 4.97471375e+02, 1.17710046e+03, 3.86683319e+02,
       1.31368213e+03, 6.75145752e+02, 1.28481323e+03, 5.48518494e+02,
       1.25163037e+03, 4.29628876e+02, 1.21393518e+03, 3.28984863e+02,
       1.38115308e+03, 7.24923035e+02, 1.35693140e+03, 5.98303894e+02,
