%YAML:1.0
---
cameraMatrix: !!opencv-matrix
   rows: 3
   cols: 3
   dt: d
   data: [ 1.9383069756092971e+03, 0., 960., 0., 1.9383069756092971e+03,
       540., 0., 0., 1. ]
imageSize_width: 1920
imageSize_height: 1080
sensorSize_width: 0
sensorSize_height: 0
distCoeffs: !!opencv-matrix
   rows: 5
   cols: 1
   dt: d
   data: [ -1.4364062637758417e+00, 1.5919129620797923e+00, 0., 0., 0. ]
reprojectionError: 5.5650062561035156e+00
features:
   - [ [ 1.01504553e+03, 3.25166260e+02, 1.01207355e+03, 3.86060272e+02,
       1.00861108e+03, 4.51569611e+02, 1.00446582e+03, 5.21027344e+02,
       9.99413452e+02, 5.93264465e+02, 9.94744568e+02, 6.66981079e+02,
       9.89038818e+02, 7.40666504e+02, 9.48681396e+02, 3.14689209e+02,
       9.43725708e+02, 3.76004089e+02, 9.38478882e+02, 4.42515778e+02,
       9.32681641e+02, 5.12972473e+02, 9.26758362e+02, 5.86186462e+02,
       9.20969543e+02, 6.61211243e+02, 9.15467346e+02, 7.36420715e+02,
       8.80932861e+02, 3.05758362e+02, 8.73560181e+02, 3.67468994e+02,
       8.66433167e+02, 4.34226624e+02, 8.59174622e+02, 5.05203918e+02,
       8.52307190e+02, 5.79405823e+02, 8.45782166e+02, 6.55137634e+02,
       8.39943481e+02, 7.30906067e+02, 8.12172668e+02, 2.99076080e+02,
       8.02843018e+02, 3.60677490e+02, 7.93537048e+02, 4.27342499e+02,
       7.85343506e+02, 4.98431305e+02, 7.77325317e+02, 5.72585388e+02,
       7.70480164e+02, 6.48369385e+02, 7.64359192e+02, 7.24026672e+02,
       7.44598755e+02, 2.93900696e+02, 7.33033325e+02, 3.55447449e+02,
       7.22485168e+02, 4.21605133e+02, 7.12257141e+02, 4.92304596e+02,
       7.03652100e+02, 5.65835083e+02, 6.96387085e+02, 6.41314758e+02,
       6.90372681e+02, 7.16565247e+02, 6.78591309e+02, 2.91125366e+02,
       6.65691284e+02, 3.51655090e+02, 6.53424438e+02, 4.17293579e+02,
       6.42291382e+02, 4.86897430e+02, 6.32701294e+02, 5.59629578e+02,
       6.25326843e+02, 6.34091248e+02, 6.20044128e+02, 7.08341919e+02,
       6.15922546e+02, 2.89919434e+02, 6.01643555e+02, 3.49685638e+02,
       5.88078247e+02, 4.14416718e+02, 5.76352844e+02, 4.82574432e+02,
       5.66295471e+02, 5.54028748e+02, 5.58623413e+02, 6.26702271e+02,
       5.53670715e+02, 6.99758484e+02, 5.56894958e+02, 2.90104004e+02,
       5.41510132e+02, 3.49047760e+02, 5.26777039e+02, 4.11906494e+02,
       5.14932312e+02, 4.79437836e+02, 5.04547546e+02, 5.48634033e+02,
       4.96976837e+02, 6.19712524e+02, 4.92337708e+02, 6.90717163e+02,
       5.02489105e+02, 2.91859924e+02, 4.86087555e+02, 3.49697449e+02,
       4.71554718e+02, 4.11595001e+02, 4.58586151e+02, 4.76483490e+02,
       4.48522125e+02, 5.43912598e+02, 4.40789856e+02, 6.13107910e+02,
       4.36015045e+02, 6.82098694e+02, 4.51466125e+02, 2.94328644e+02,
       4.35574280e+02, 3.50993774e+02, 4.20408539e+02, 4.11282837e+02,
       4.07985413e+02, 4.74342102e+02, 3.97552917e+02, 5.39785950e+02,
       3.89676117e+02, 6.06541321e+02, 3.85008331e+02, 6.73698059e+02 ] ]
   - [ [ 1.08438916e+03, 3.49546600e+02, 1.08136658e+03, 4.15858307e+02,
       1.07663281e+03, 4.88544312e+02, 1.07048364e+03, 5.66357056e+02,
       1.06276160e+03, 6.48075195e+02, 1.05443140e+03, 7.31624390e+02,
       1.04415125e+03, 8.15450623e+02, 1.01169043e+03, 3.37079742e+02,
       1.00539191e+03, 4.03726532e+02, 9.98396851e+02, 4.76589905e+02,
       9.89942627e+02, 5.55167236e+02, 9.80754333e+02, 6.37981140e+02,
       9.70767334e+02, 7.22413696e+02, 9.60376526e+02, 8.06996643e+02,
       9.37220154e+02, 3.26645996e+02, 9.27977234e+02, 3.92953552e+02,
       9.18149902e+02, 4.65688202e+02, 9.07498840e+02, 5.44500244e+02,
       8.96653748e+02, 6.27301392e+02, 8.85947754e+02, 7.11854126e+02,
       8.75157166e+02, 7.96789917e+02, 8.62509338e+02, 3.18751648e+02,
       8.50424500e+02, 3.84342285e+02, 8.37909302e+02, 4.56436737e+02,
       8.25404663e+02, 5.34318665e+02, 8.13059265e+02, 6.16354431e+02,
       8.01643921e+02, 7.00468018e+02, 7.90628540e+02, 7.84392761e+02,
       7.89630432e+02, 3.12810822e+02, 7.75067444e+02, 3.77439301e+02,
       7.60229370e+02, 4.48537689e+02, 7.45745483e+02, 5.24737244e+02,
       7.32563782e+02, 6.05498230e+02, 7.20404724e+02, 6.88139832e+02,
       7.09826538e+02, 7.70852112e+02, 7.20070374e+02, 3.09018921e+02,
       7.03085388e+02, 3.72482178e+02, 6.86532593e+02, 4.41890472e+02,
       6.70661987e+02, 5.16526489e+02, 6.56325562e+02, 5.94933289e+02,
       6.44212402e+02, 6.75626953e+02, 6.34296753e+02, 7.55777588e+02,
       6.54868774e+02, 3.07244873e+02, 6.36192200e+02, 3.69293152e+02,
       6.18374634e+02, 4.36886688e+02, 6.01524231e+02, 5.09203888e+02,
       5.86832581e+02, 5.85223450e+02, 5.74439392e+02, 6.63112427e+02,
       5.64903198e+02, 7.41283508e+02, 5.94246155e+02, 3.06838318e+02,
       5.74906128e+02, 3.67397858e+02, 5.55846008e+02, 4.32924011e+02,
       5.38910522e+02, 5.02890259e+02, 5.23946472e+02, 5.76171692e+02,
       5.11080780e+02, 6.51290588e+02, 5.02124084e+02, 7.26154602e+02,
       5.39513550e+02, 3.08126709e+02, 5.18782959e+02, 3.66852539e+02,
       4.99989319e+02, 4.30382599e+02, 4.82710571e+02, 4.97513672e+02,
       4.67537994e+02, 5.67766174e+02, 4.55454376e+02, 6.39776611e+02,
       4.46323517e+02, 7.11939026e+02, 4.88803589e+02, 3.10311432e+02,
       4.68989532e+02, 3.67169098e+02, 4.49582520e+02, 4.28485596e+02,
       4.32488403e+02, 4.93378021e+02, 4.17583984e+02, 5.60416016e+02,
       4.05539551e+02, 6.29323425e+02, 3.96377716e+02, 6.98596497e+02 ] ]
   - [ [ 1.13285181e+03, 3.47496490e+02, 1.12742078e+03, 4.38390045e+02,
       1.11936377e+03, 5.33950073e+02, 1.10868005e+03, 6.29521912e+02,
       1.09595593e+03, 7.22458496e+02, 1.08348474e+03, 8.11117188e+02,
       1.06938428e+03, 8.91808533e+02, 1.04230188e+03, 3.31462311e+02,
       1.03512329e+03, 4.24821075e+02, 1.02643774e+03, 5.22971191e+02,
       1.01626910e+03, 6.21417480e+02, 1.00500153e+03, 7.17200867e+02,
       9.93580261e+02, 8.07034485e+02, 9.82844116e+02, 8.90091614e+02,
       9.46346191e+02, 3.18778534e+02, 9.37263489e+02, 4.13231323e+02,
       9.27881897e+02, 5.12608154e+02, 9.18357971e+02, 6.12819946e+02,
       9.09103882e+02, 7.10020569e+02, 9.00571777e+02, 8.00606506e+02,
       8.92809326e+02, 8.85198547e+02, 8.48239502e+02, 3.09666565e+02,
       8.37494873e+02, 4.03969482e+02, 8.27489136e+02, 5.03538086e+02,
       8.18801880e+02, 6.04082581e+02, 8.11837891e+02, 7.01303040e+02,
       8.06498535e+02, 7.92658142e+02, 8.02099365e+02, 8.76752197e+02,
       7.52119507e+02, 3.03955414e+02, 7.39717041e+02, 3.97471832e+02,
       7.29297791e+02, 4.95729858e+02, 7.21754761e+02, 5.95164917e+02,
       7.16618042e+02, 6.91646057e+02, 7.14408997e+02, 7.81944458e+02,
       7.13722168e+02, 8.65277588e+02, 6.61228027e+02, 3.02573242e+02,
       6.47825928e+02, 3.93729553e+02, 6.37039673e+02, 4.89491821e+02,
       6.30405334e+02, 5.86504456e+02, 6.27090149e+02, 6.81064697e+02,
       6.27255066e+02, 7.69982178e+02, 6.30353821e+02, 8.51503906e+02,
       5.78143921e+02, 3.03604065e+02, 5.63826965e+02, 3.92407227e+02,
       5.53577759e+02, 4.85306152e+02, 5.47426331e+02, 5.78524353e+02,
       5.45783508e+02, 6.70366882e+02, 5.47978943e+02, 7.56777222e+02,
       5.53286804e+02, 8.36778625e+02, 5.03239960e+02, 3.07585541e+02,
       4.89244507e+02, 3.93028503e+02, 4.78942932e+02, 4.81868011e+02,
       4.74026031e+02, 5.71664368e+02, 4.72878174e+02, 6.59607056e+02,
       4.76804565e+02, 7.43403687e+02, 4.83468658e+02, 8.21436340e+02,
       4.37496521e+02, 3.12559814e+02, 4.23811279e+02, 3.94741058e+02,
       4.14487091e+02, 4.79869324e+02, 4.09779724e+02, 5.65288269e+02,
       4.09427094e+02, 6.49683167e+02, 4.13327881e+02, 7.30115967e+02,
       4.21133484e+02, 8.05660706e+02, 3.79207520e+02, 3.18660919e+02,
       3.66445831e+02, 3.97318542e+02, 3.57451813e+02, 4.77992828e+02,
       3.53145782e+02, 5.59820129e+02, 3.53861786e+02, 6.40057983e+02,
       3.58154175e+02, 7.17329163e+02, 3.66370758e+02, 7.91285339e+02 ] ]
   - [ [ 1.31608398e+03, 4.73649506e+02, 1.31529602e+03, 5.51271362e+02,
