%YAML:1.0
cameraMatrix: !!opencv-matrix
   rows: 3
   cols: 3
   dt: d
   data: [ 1.8600952890301755e+03, 0., 9.5950000000000000e+02, 0.,
       1.8600952890301755e+03, 5.3950000000000000e+02, 0., 0., 1. ]
imageSize_width: 1920
imageSize_height: 1080
sensorSize_width: 0
sensorSize_height: 0
distCoeffs: !!opencv-matrix
   rows: 5
   cols: 1
   dt: d
   data: [ -1.2722253184984416e+00, 4.5864887975585331e+00, 0., 0., 0. ]
reprojectionError: 4.1070785522460938e+00
features:
   - [ [ 5.02610870e+02, 7.60564026e+02, 5.02411255e+02, 7.06866760e+02,
       5.04399750e+02, 6.53539734e+02, 5.07561218e+02, 6.01768311e+02,
       5.11848907e+02, 5.51107300e+02, 5.17549622e+02, 5.03191895e+02,
       5.23778198e+02, 4.57392792e+02, 5.50174500e+02, 7.61780945e+02,
       5.50547424e+02, 7.06753052e+02, 5.51876160e+02, 6.52960266e+02,
       5.54763550e+02, 5.99865295e+02, 5.58610901e+02, 5.48974976e+02,
       5.63622681e+02, 4.99953308e+02, 5.69027405e+02, 4.53862091e+02,
       6.00992554e+02, 7.62174072e+02, 6.01036133e+02, 7.06896973e+02,
       6.01940063e+02, 6.51999451e+02, 6.04058289e+02, 5.98568542e+02,
       6.07342773e+02, 5.46750549e+02, 6.11041748e+02, 4.97127747e+02,
       6.15691895e+02, 4.50559601e+02, 6.53871826e+02, 7.62565796e+02,
       6.53419556e+02, 7.06094727e+02, 6.54363586e+02, 6.51355408e+02,
       6.55805542e+02, 5.96927673e+02, 6.58061829e+02, 5.44592041e+02,
       6.61044617e+02, 4.95009247e+02, 6.64471924e+02, 4.48118896e+02,
       7.09339233e+02, 7.62222473e+02, 7.08500061e+02, 7.05778625e+02,
       7.08115906e+02, 6.49639648e+02, 7.08940979e+02, 5.95937439e+02,
       7.10028137e+02, 5.42767456e+02, 7.12151611e+02, 4.93547852e+02,
       7.14144470e+02, 4.46534210e+02, 7.65725647e+02, 7.61424500e+02,
       7.64180237e+02, 7.04613831e+02, 7.63769714e+02, 6.48848022e+02,
       7.63349304e+02, 5.94540771e+02, 7.63623840e+02, 5.41551086e+02,
       7.64436157e+02, 4.92283417e+02, 7.65580627e+02, 4.44754150e+02,
       8.22567932e+02, 7.59958923e+02, 8.20922302e+02, 7.03520142e+02,
       8.19451294e+02, 6.47986877e+02, 8.18565613e+02, 5.93510742e+02,
       8.17274719e+02, 5.41303650e+02, 8.17166382e+02, 4.91200897e+02,
       8.16646606e+02, 4.44755829e+02, 8.78973694e+02, 7.57845703e+02,
       8.76617554e+02, 7.02119629e+02, 8.75234741e+02, 6.46643799e+02,
       8.73257568e+02, 5.92882812e+02, 8.71125427e+02, 5.41031982e+02,
       8.69605713e+02, 4.91328247e+02, 8.68713196e+02, 4.45158875e+02,
       9.34240784e+02, 7.55273621e+02, 9.31752808e+02, 7.00019714e+02,
       9.29431396e+02, 6.45657410e+02, 9.26993164e+02, 5.92460510e+02,
       9.24349548e+02, 5.40693481e+02, 9.21363037e+02, 4.92265350e+02,
       9.18278442e+02, 4.45992676e+02, 9.87517273e+02, 7.52723694e+02,
       9.85492798e+02, 6.98247070e+02, 9.82552124e+02, 6.44334656e+02,
       9.79027161e+02, 5.91787903e+02, 9.75354187e+02, 5.41229919e+02,
       9.71160706e+02, 4.93721649e+02, 9.67517822e+02, 4.47905090e+02 ] ]
   - [ [ 5.48857361e+02, 7.22287415e+02, 5.49638062e+02, 6.60804688e+02,
       5.52514709e+02, 5.98974609e+02, 5.57158691e+02, 5.38224548e+02,
       5.63059265e+02, 4.78461609e+02, 5.70752625e+02, 4.21608185e+02,
       5.79161316e+02, 3.67819672e+02, 6.01905396e+02, 7.26960815e+02,
       6.03982910e+02, 6.63507019e+02, 6.06517212e+02, 5.99956421e+02,
       6.10956482e+02, 5.37436646e+02, 6.16999268e+02, 4.76251892e+02,
       6.23886841e+02, 4.18094818e+02, 6.31283325e+02, 3.62829437e+02,
       6.59614380e+02, 7.31502808e+02, 6.61800903e+02, 6.66740112e+02,
       6.64375977e+02, 6.01061951e+02, 6.68585999e+02, 5.36747437e+02,
       6.74303589e+02, 4.74472839e+02, 6.80175049e+02, 4.14797424e+02,
       6.86970581e+02, 3.58518524e+02, 7.21534424e+02, 7.35588013e+02,
       7.23027893e+02, 6.69189331e+02, 7.26919434e+02, 6.02723816e+02,
       7.30297302e+02, 5.36851135e+02, 7.35168396e+02, 4.73380402e+02,
       7.39981140e+02, 4.12902069e+02, 7.45833679e+02, 3.55538391e+02,
       7.86745056e+02, 7.39231995e+02, 7.89124939e+02, 6.71990356e+02,
       7.91541443e+02, 6.04276001e+02, 7.94889160e+02, 5.37627319e+02,
       7.98556152e+02, 4.72773590e+02, 8.03177917e+02, 4.12076569e+02,
       8.08498657e+02, 3.54012329e+02, 8.54027527e+02, 7.42782898e+02,
       8.56562927e+02, 6.74726562e+02, 8.59368225e+02, 6.06350586e+02,
       8.62046204e+02, 5.39296509e+02, 8.65015869e+02, 4.73880798e+02,
       8.68004822e+02, 4.12294525e+02, 8.70698730e+02, 3.54051331e+02,
       9.22821838e+02, 7.44765808e+02, 9.25283325e+02, 6.76913757e+02,
       9.27603577e+02, 6.08565979e+02, 9.30061890e+02, 5.41349976e+02,
       9.31356323e+02, 4.76197113e+02, 9.33618958e+02, 4.13821350e+02,
       9.34144775e+02, 3.55903534e+02, 9.90045593e+02, 7.46928162e+02,
       9.93394287e+02, 6.79166565e+02, 9.95707275e+02, 6.11252197e+02,
       9.97464111e+02, 5.44089294e+02, 9.97906006e+02, 4.78854950e+02,
       9.98275513e+02, 4.17148010e+02, 9.97582458e+02, 3.59118225e+02,
       1.05604309e+03, 7.48191467e+02, 1.05927783e+03, 6.81056396e+02,
       1.06169299e+03, 6.13859924e+02, 1.06294678e+03, 5.47523254e+02,
       1.06260803e+03, 4.83143341e+02, 1.06128760e+03, 4.22077209e+02,
       1.05940112e+03, 3.64272034e+02, 1.11859326e+03, 7.48826111e+02,
       1.12309424e+03, 6.83118652e+02, 1.12506470e+03, 6.16714111e+02,
       1.12543323e+03, 5.51211853e+02, 1.12481030e+03, 4.87648315e+02,
       1.12169202e+03, 4.27735352e+02, 1.11879480e+03, 3.70385590e+02 ] ]
