%YAML:1.0
cameraMatrix: !!opencv-matrix
   rows: 3
   cols: 3
   dt: d
   data: [ 8.8954503684307599e+02, 0., 9.5950000000000000e+02, 0.,
       8.8954503684307599e+02, 5.3950000000000000e+02, 0., 0., 1. ]
imageSize_width: 1920
imageSize_height: 1080
sensorSize_width: 0
sensorSize_height: 0
distCoeffs: !!opencv-matrix
   rows: 5
   cols: 1
   dt: d
   data: [ -4.2371713349672790e-01, 1.4780927397888019e-01, 0., 0., 0. ]
reprojectionError: 1.1239793777465820e+01
features:
   - [ 1.51078772e+03, 2.01544312e+02, 1.52342139e+03, 3.05411072e+02,
       1.52332495e+03, 4.06964752e+02, 1.51310535e+03, 4.99876373e+02,
       1.49763586e+03, 5.84036316e+02, 1.47755652e+03, 6.55582764e+02,
       1.45588550e+03, 7.16361145e+02, 1.42766809e+03, 1.98016052e+02,
       1.44058582e+03, 3.04238953e+02, 1.44360681e+03, 4.06623108e+02,
       1.43720972e+03, 5.01605530e+02, 1.42462573e+03, 5.84822144e+02,
       1.40859106e+03, 6.56798523e+02, 1.39088147e+03, 7.17102112e+02,
       1.33360522e+03, 2.01399323e+02, 1.34924573e+03, 3.06212219e+02,
       1.35506494e+03, 4.09113617e+02, 1.35340564e+03, 5.02961182e+02,
       1.34579639e+03, 5.85645264e+02, 1.33451050e+03, 6.56875854e+02,
       1.32207178e+03, 7.17121399e+02, 1.23401978e+03, 2.09680420e+02,
       1.25136267e+03, 3.13342804e+02, 1.26143750e+03, 4.11673798e+02,
       1.26454041e+03, 5.04336029e+02, 1.26250659e+03, 5.84666382e+02,
       1.25782690e+03, 6.54824585e+02, 1.25065918e+03, 7.13243103e+02,
       1.13570435e+03, 2.24995743e+02, 1.15405737e+03, 3.22299835e+02,
       1.16728442e+03, 4.18206299e+02, 1.17544836e+03, 5.04471252e+02,
       1.17975513e+03, 5.84668274e+02, 1.18081909e+03, 6.50251526e+02,
       1.17996143e+03, 7.08412903e+02, 1.04229297e+03, 2.42891571e+02,
       1.06125098e+03, 3.35300415e+02, 1.07866150e+03, 4.23262024e+02,
       1.09125977e+03, 5.06205048e+02, 1.09963293e+03, 5.81652100e+02,
       1.10682959e+03, 6.45467651e+02, 1.11059326e+03, 7.01656189e+02,
       9.60924622e+02, 2.63125916e+02, 9.79642822e+02, 3.47782166e+02,
       9.98425964e+02, 4.29857056e+02, 1.01348059e+03, 5.07592865e+02,
       1.02717285e+03, 5.77476746e+02, 1.03698743e+03, 6.40342834e+02,
       1.04667078e+03, 6.92880005e+02, 8.90385132e+02, 2.83268127e+02,
       9.09658691e+02, 3.60499634e+02, 9.27199707e+02, 4.36649170e+02,
       9.45442322e+02, 5.08034271e+02, 9.61088013e+02, 5.73750427e+02,
       9.74587952e+02, 6.32916321e+02, 9.86956970e+02, 6.83956299e+02,
       8.31464905e+02, 3.01426086e+02, 8.49972839e+02, 3.73018280e+02,
       8.67862915e+02, 4.42652863e+02, 8.85852722e+02, 5.09096893e+02,
       9.02966248e+02, 5.70709290e+02, 9.19304932e+02, 6.25116516e+02,
       9.34260803e+02, 6.74693237e+02, 7.82569153e+02, 3.19006470e+02,
       7.98184998e+02, 3.84492706e+02, 8.16280396e+02, 4.48921722e+02,
       8.35495422e+02, 5.09478943e+02, 8.53065918e+02, 5.67457886e+02,
       8.71029663e+02, 6.18206299e+02, 8.86501404e+02, 6.65661499e+02 ]
   - [ 1.46463928e+03, 2.21524017e+02, 1.48267090e+03, 3.24716858e+02,
       1.48889795e+03, 4.28330231e+02, 1.48457507e+03, 5.23241638e+02,
       1.47394983e+03, 6.10820862e+02, 1.45820911e+03, 6.84769653e+02,
       1.44012097e+03, 7.48205261e+02, 1.37795972e+03, 2.26783752e+02,
       1.39587219e+03, 3.31503448e+02, 1.40466687e+03, 4.33765808e+02,
       1.40387756e+03, 5.30296143e+02, 1.39668481e+03, 6.14976685e+02,
       1.38529456e+03, 6.89078369e+02, 1.37148804e+03, 7.51559143e+02,
       1.28265161e+03, 2.38560699e+02, 1.30241138e+03, 3.40628296e+02,
       1.31350293e+03, 4.42089569e+02, 1.31705396e+03, 5.35708130e+02,
       1.31461694e+03, 6.19405640e+02, 1.30791382e+03, 6.91688110e+02,
       1.29990430e+03, 7.53121094e+02, 1.18635583e+03, 2.54115204e+02,
       1.20601453e+03, 3.53363129e+02, 1.22019641e+03, 4.49328339e+02,
       1.22780615e+03, 5.40519287e+02, 1.23060779e+03, 6.20996155e+02,
       1.23035352e+03, 6.91283875e+02, 1.22684497e+03, 7.50520081e+02,
       1.09347083e+03, 2.74054504e+02, 1.11341772e+03, 3.66737244e+02,
       1.12903613e+03, 4.59339386e+02, 1.14132812e+03, 5.43765442e+02,
       1.14851062e+03, 6.22433228e+02, 1.15341589e+03, 6.88253662e+02,
       1.15630542e+03, 7.46414978e+02, 1.00748822e+03, 2.94435791e+02,
       1.02685876e+03, 3.82241058e+02, 1.04609973e+03, 4.66621460e+02,
       1.06053638e+03, 5.46807617e+02, 1.07175623e+03, 6.21091064e+02,
       1.08148267e+03, 6.83901550e+02, 1.08772009e+03, 7.40283203e+02,
       9.34906860e+02, 3.15325562e+02, 9.52626465e+02, 3.96291656e+02,
       9.71640442e+02, 4.74205048e+02, 9.87653320e+02, 5.49361938e+02,
       1.00274359e+03, 6.17425049e+02, 1.01417505e+03, 6.79150635e+02,
       1.02541760e+03, 7.31950928e+02, 8.71221252e+02, 3.35549377e+02,
       8.89718506e+02, 4.08492249e+02, 9.06582581e+02, 4.81453949e+02,
       9.24720215e+02, 5.50177917e+02, 9.40808655e+02, 6.14287842e+02,
       9.55146606e+02, 6.72339294e+02, 9.68802368e+02, 7.23709534e+02,
       8.18674438e+02, 3.52687408e+02, 8.35954407e+02, 4.20903198e+02,
       8.52598389e+02, 4.87320160e+02, 8.69826904e+02, 5.51317322e+02,
       8.86715698e+02, 6.11338318e+02, 9.03322815e+02, 6.64759521e+02,
       9.18274658e+02, 7.13746521e+02, 7.74745667e+02, 3.68847076e+02,
       7.88841980e+02, 4.31230286e+02, 8.05839661e+02, 4.93422394e+02,
       8.23941467e+02, 5.51442261e+02, 8.40737427e+02, 6.08134094e+02,
       8.58078918e+02, 6.57966309e+02, 8.73177124e+02, 7.04375305e+02 ]
   - [ 1.28940747e+03, 2.78391724e+02, 1.31729370e+03, 3.69738708e+02,
       1.33789575e+03, 4.67256592e+02, 1.35038806e+03, 5.62669006e+02,
       1.35675354e+03, 6.54656433e+02, 1.35578625e+03, 7.36218994e+02,
       1.35056738e+03, 8.07813721e+02, 1.20277588e+03, 2.95267609e+02,
       1.22806909e+03, 3.88984039e+02, 1.24874622e+03, 4.85361176e+02,
       1.26289844e+03, 5.82249146e+02, 1.27095044e+03, 6.71844055e+02,
       1.27387061e+03, 7.52595032e+02, 1.27175049e+03, 8.22799744e+02,
       1.11183838e+03, 3.17074799e+02, 1.13546753e+03, 4.08656036e+02,
       1.15538770e+03, 5.04798035e+02, 1.17076599e+03, 5.98792542e+02,
       1.18191028e+03, 6.86969971e+02, 1.18806934e+03, 7.65841553e+02,
       1.19134106e+03, 8.34213928e+02, 1.02276654e+03, 3.40090942e+02,
       1.04320911e+03, 4.29926666e+02, 1.06337549e+03, 5.22254700e+02,
       1.07965552e+03, 6.13116455e+02, 1.09295667e+03, 6.97928894e+02,
       1.10343713e+03, 7.73682861e+02, 1.11022107e+03, 8.39876526e+02,
       9.40138062e+02, 3.65450531e+02, 9.58149170e+02, 4.50568573e+02,
       9.75425903e+02, 5.38519592e+02, 9.93181946e+02, 6.24138916e+02,
       1.00807446e+03, 7.05975891e+02, 1.02157281e+03, 7.77389526e+02,
       1.03324548e+03, 8.41594788e+02, 8.64260132e+02, 3.88718079e+02,
       8.79464783e+02, 4.69659882e+02, 8.97738037e+02, 5.51963074e+02,
       9.15181580e+02, 6.32212158e+02, 9.30445496e+02, 7.09706360e+02,
       9.47168640e+02, 7.77769531e+02, 9.60214050e+02, 8.39640198e+02,
       8.00622803e+02, 4.11138702e+02, 8.12927063e+02, 4.86728851e+02,
       8.29956360e+02, 5.63182922e+02, 8.45464478e+02, 6.38817993e+02,
       8.63580688e+02, 7.10100647e+02, 8.78975952e+02, 7.76555420e+02,
       8.96154236e+02, 8.34141602e+02, 7.45625122e+02, 4.32515137e+02,
       7.57905945e+02, 5.01133087e+02, 7.70373962e+02, 5.72851746e+02,
       7.87542542e+02, 6.42485779e+02, 8.04147583e+02, 7.09719177e+02,
       8.21020081e+02, 7.71631897e+02, 8.37948059e+02, 8.27552429e+02,
       6.99218994e+02, 4.48536896e+02, 7.10112305e+02, 5.14429810e+02,
       7.22435913e+02, 5.80426941e+02, 7.36841675e+02, 6.45638733e+02,
       7.53289185e+02, 7.08340881e+02, 7.70656250e+02, 7.66001160e+02,
       7.88228943e+02, 8.19350342e+02, 6.60133179e+02, 4.64355225e+02,
       6.68262573e+02, 5.25090942e+02, 6.80016785e+02, 5.87392517e+02,
       6.95221008e+02, 6.47017334e+02, 7.09976318e+02, 7.06403809e+02,
       7.28080994e+02, 7.59893188e+02, 7.44335999e+02, 8.11235474e+02 ]
