%YAML:1.0
cameraMatrix: !!opencv-matrix
   rows: 3
   cols: 3
   dt: d
   data: [ 1.0664073682063763e+03, 0., 9.5950000000000000e+02, 0.,
       1.0664073682063763e+03, 5.3950000000000000e+02, 0., 0., 1. ]
imageSize_width: 1920
imageSize_height: 1080
sensorSize_width: 0
sensorSize_height: 0
distCoeffs: !!opencv-matrix
   rows: 5
   cols: 1
   dt: d
   data: [ -6.0003450627557575e-01, 3.4726479788665909e-01, 0., 0., 0. ]
reprojectionError: 5.1383790969848633e+00
features:
   - [ [ 7.02466309e+02, 8.30941956e+02, 7.00236145e+02, 7.65813660e+02,
       6.99581360e+02, 6.96979553e+02, 7.00140015e+02, 6.25436646e+02,
       7.35200012e+02, 8.01022400e+02, 7.34230225e+02, 7.33692932e+02,
       7.34612793e+02, 6.62743225e+02, 7.36139099e+02, 5.89899902e+02,
       7.69862000e+02, 8.35179382e+02, 7.69592163e+02, 7.69681580e+02,
       7.70180664e+02, 6.99913879e+02, 7.71486450e+02, 6.27524353e+02,
       8.04742371e+02, 8.04574951e+02, 8.05735107e+02, 7.36674927e+02,
       8.07168701e+02, 6.65283142e+02, 8.09140686e+02, 5.91769531e+02,
       8.39356995e+02, 8.38236084e+02, 8.40860413e+02, 7.72475342e+02,
       8.43000305e+02, 7.02601440e+02, 8.45137817e+02, 6.29925720e+02,
       8.75688477e+02, 8.07157837e+02, 8.78167236e+02, 7.38950867e+02,
       8.80979431e+02, 6.67699097e+02, 8.83733704e+02, 5.94102661e+02,
       9.09156433e+02, 8.39879883e+02, 9.12777527e+02, 7.74275146e+02,
       9.15957825e+02, 7.04672852e+02, 9.19180420e+02, 6.32307922e+02,
       9.45785889e+02, 8.08208801e+02, 9.50169128e+02, 7.40612366e+02,
       9.54118530e+02, 6.69852417e+02, 9.57567139e+02, 5.96816345e+02,
       9.77586182e+02, 8.40078003e+02, 9.83216858e+02, 7.75276917e+02,
       9.87767761e+02, 7.06243286e+02, 9.91821045e+02, 6.34673218e+02,
       1.01427399e+03, 8.08108398e+02, 1.02013409e+03, 7.41440308e+02,
       1.02519031e+03, 6.71817932e+02, 1.02930640e+03, 5.99797607e+02,
       1.04376892e+03, 8.39080322e+02, 1.05095801e+03, 7.75163696e+02,
       1.05680151e+03, 7.07418091e+02, 1.06139746e+03, 6.37103577e+02 ] ]
   - [ [ 5.49873352e+02, 6.53336182e+02, 5.19439941e+02, 5.25097900e+02,
       4.94065216e+02, 3.96146332e+02, 4.80362549e+02, 2.75237305e+02,
       5.92215515e+02, 5.75742981e+02, 5.64775940e+02, 4.43090057e+02,
       5.44555420e+02, 3.14951019e+02, 5.33279480e+02, 1.99396286e+02,
       6.70568054e+02, 6.27090820e+02, 6.41790283e+02, 4.94014679e+02,
       6.16724731e+02, 3.60261261e+02, 6.00906494e+02, 2.37641098e+02,
       7.20994629e+02, 5.47230164e+02, 6.95298828e+02, 4.11081787e+02,
       6.73524109e+02, 2.80136139e+02, 6.58574646e+02, 1.65328568e+02,
       8.02109863e+02, 6.00690918e+02, 7.76396545e+02, 4.65251007e+02,
       7.52511597e+02, 3.30025269e+02, 7.32523804e+02, 2.07248856e+02,
       8.57455750e+02, 5.20471619e+02, 8.33453064e+02, 3.84720215e+02,
       8.10957336e+02, 2.54069931e+02, 7.90492249e+02, 1.41102463e+02,
       9.35487488e+02, 5.75538086e+02, 9.13563965e+02, 4.41295502e+02,
       8.90791443e+02, 3.08432800e+02, 8.67553406e+02, 1.87258133e+02,
       9.89965271e+02, 4.98186981e+02, 9.67916870e+02, 3.66259674e+02,
       9.45621033e+02, 2.39052994e+02, 9.20733215e+02, 1.28486801e+02,
       1.06020178e+03, 5.53019958e+02, 1.04236194e+03, 4.23884308e+02,
       1.02080798e+03, 2.96348877e+02, 9.96026001e+02, 1.78755203e+02,
       1.10967444e+03, 4.80894897e+02, 1.08929712e+03, 3.55609619e+02,
       1.06831531e+03, 2.34127029e+02, 1.04095715e+03, 1.26944267e+02,
       1.16780713e+03, 5.34642395e+02, 1.15480151e+03, 4.12565063e+02,
       1.13449292e+03, 2.92616760e+02, 1.11054236e+03, 1.80040649e+02 ] ]
   - [ [ 5.18287537e+02, 9.08626709e+02, 4.87463470e+02, 7.79032715e+02,
       4.59618408e+02, 6.33813843e+02, 4.48962555e+02, 4.80792938e+02,
       5.59042175e+02, 8.51708069e+02, 5.30499695e+02, 7.07279053e+02,
       5.10731842e+02, 5.48719116e+02, 5.06306732e+02, 3.91312927e+02,
       6.39595520e+02, 9.20449036e+02, 6.11798218e+02, 7.82693298e+02,
       5.85890076e+02, 6.24223816e+02, 5.76030273e+02, 4.56542236e+02,
       6.95483582e+02, 8.59074097e+02, 6.72552673e+02, 7.03242798e+02,
       6.53765076e+02, 5.31011108e+02, 6.48668213e+02, 3.61482056e+02,
       7.83688416e+02, 9.27751404e+02, 7.64455444e+02, 7.82836182e+02,
       7.45306641e+02, 6.13244629e+02, 7.34498474e+02, 4.33484528e+02,
       8.55410583e+02, 8.59165771e+02, 8.42436462e+02, 6.96428467e+02,
       8.28617798e+02, 5.14894653e+02, 8.19235962e+02, 3.37761353e+02,
       9.42360840e+02, 9.26581116e+02, 9.36964844e+02, 7.77603027e+02,
       9.28368652e+02, 6.02348206e+02, 9.16845886e+02, 4.17116608e+02,
       1.02423169e+03, 8.51240479e+02, 1.02288464e+03, 6.87009094e+02,
       1.01673358e+03, 5.04338989e+02, 1.00218549e+03, 3.26224518e+02,
       1.10103442e+03, 9.14365356e+02, 1.10908154e+03, 7.66347046e+02,
       1.11032288e+03, 5.93277832e+02, 1.10038843e+03, 4.11518372e+02,
       1.18257922e+03, 8.36167969e+02, 1.18999048e+03, 6.76054016e+02,
       1.19091479e+03, 5.00692230e+02, 1.17372205e+03, 3.28900299e+02,
       1.24211267e+03, 8.93411072e+02, 1.26079395e+03, 7.51282104e+02,
       1.26759180e+03, 5.86901367e+02, 1.26101636e+03, 4.15720581e+02 ] ]
   - [ [ 4.87948303e+02, 9.02986389e+02, 4.59361908e+02, 7.77905029e+02,
       4.34148651e+02, 6.39426941e+02, 4.25170685e+02, 4.94642792e+02,
       5.25888855e+02, 8.47448608e+02, 4.99429657e+02, 7.09416260e+02,
       4.81864655e+02, 5.59459900e+02, 4.78676239e+02, 4.10580322e+02,
       6.01594055e+02, 9.14276367e+02, 5.74726501e+02, 7.81200012e+02,
       5.50563904e+02, 6.31063049e+02, 5.42386963e+02, 4.73201355e+02,
       6.52442017e+02, 8.54626160e+02, 6.30305115e+02, 7.05994507e+02,
       6.13130920e+02, 5.43800781e+02, 6.09847717e+02, 3.83855927e+02,
       7.36487244e+02, 9.21800537e+02, 7.16027039e+02, 7.81908142e+02,
       6.96930542e+02, 6.21311279e+02, 6.87903137e+02, 4.52361420e+02,
       8.02295349e+02, 8.55722900e+02, 7.87610718e+02, 7.00157288e+02,
       7.73866455e+02, 5.29006775e+02, 7.67327576e+02, 3.61478271e+02,
       8.87066223e+02, 9.22115540e+02, 8.77730774e+02, 7.77874756e+02,
       8.67170776e+02, 6.11300171e+02, 8.57174133e+02, 4.36293457e+02,
       9.63659119e+02, 8.49670959e+02, 9.58651306e+02, 6.91740173e+02,
       9.51184265e+02, 5.18182434e+02, 9.39794006e+02, 3.48710846e+02,
       1.04145605e+03, 9.12281616e+02, 1.04426245e+03, 7.68297913e+02,
       1.04222339e+03, 6.02253479e+02, 1.03302844e+03, 4.28885956e+02,
       1.11972461e+03, 8.36717102e+02, 1.12302466e+03, 6.81599915e+02,
       1.12160913e+03, 5.13123291e+02, 1.10732544e+03, 3.48079742e+02,
       1.18285620e+03, 8.93592773e+02, 1.19626648e+03, 7.54699707e+02,
       1.19980078e+03, 5.95436279e+02, 1.19314648e+03, 4.30226776e+02 ] ]
