%YAML:1.0
cameraMatrix: !!opencv-matrix
   rows: 3
   cols: 3
   dt: d
   data: [ 4.5020669815141667e+02, 0., 4.7950000000000000e+02, 0.,
       4.5020669815141667e+02, 2.9950000000000000e+02, 0., 0., 1. ]
imageSize_width: 960
imageSize_height: 600
sensorSize_width: 0
sensorSize_height: 0
distCoeffs: !!opencv-matrix
   rows: 5
   cols: 1
   dt: d
   data: [ -3.4571702937646920e-01, 1.1349116591243058e-01, 0., 0., 0. ]
reprojectionError: 9.0700349807739258e+00
features:
   - [ 6.77084717e+02, 2.36897858e+02, 6.91660278e+02, 2.62599335e+02,
       7.05776733e+02, 2.93328278e+02, 7.19894958e+02, 3.28160095e+02,
       7.34157654e+02, 3.67185669e+02, 7.46222900e+02, 4.09523804e+02,
       7.55506287e+02, 4.54389435e+02, 6.42468079e+02, 2.33152939e+02,
       6.53951904e+02, 2.61015503e+02, 6.66937073e+02, 2.92442230e+02,
       6.79829956e+02, 3.29385468e+02, 6.92466309e+02, 3.71039795e+02,
       7.03327881e+02, 4.16725037e+02, 7.12527527e+02, 4.64767334e+02,
       6.02979248e+02, 2.29967072e+02, 6.12585388e+02, 2.58381439e+02,
       6.23028687e+02, 2.90983795e+02, 6.33797668e+02, 3.29303528e+02,
       6.43671570e+02, 3.74217010e+02, 6.53491882e+02, 4.22603302e+02,
       6.60058472e+02, 4.74796356e+02, 5.60457092e+02, 2.26913651e+02,
       5.67389465e+02, 2.55068253e+02, 5.73621521e+02, 2.90066223e+02,
       5.81188660e+02, 3.29643250e+02, 5.87679810e+02, 3.76101807e+02,
       5.93842041e+02, 4.27754944e+02, 5.98429932e+02, 4.82712067e+02,
       5.15200928e+02, 2.25418686e+02, 5.17769409e+02, 2.53811676e+02,
       5.20813171e+02, 2.87493652e+02, 5.23022766e+02, 3.28876312e+02,
       5.26346313e+02, 3.76078766e+02, 5.27346802e+02, 4.29994598e+02,
       5.27905273e+02, 4.87266296e+02, 4.68416077e+02, 2.22493332e+02,
       4.67160797e+02, 2.50806656e+02, 4.65000214e+02, 2.86342072e+02,
       4.62066071e+02, 3.27099243e+02, 4.59575195e+02, 3.74696808e+02,
       4.55871735e+02, 4.29226654e+02, 4.52688660e+02, 4.86927307e+02,
       4.21919006e+02, 2.22350235e+02, 4.15565887e+02, 2.49609726e+02,
       4.09048920e+02, 2.84318451e+02, 4.01374512e+02, 3.24163910e+02,
       3.93523682e+02, 3.71792816e+02, 3.84769379e+02, 4.24464600e+02,
       3.77841003e+02, 4.81545502e+02, 3.76775391e+02, 2.21456375e+02,
       3.67255280e+02, 2.49213608e+02, 3.55477570e+02, 2.81617615e+02,
       3.43888672e+02, 3.21214661e+02, 3.31133972e+02, 3.66644531e+02,
       3.19323792e+02, 4.17009766e+02, 3.08651337e+02, 4.71705017e+02,
       3.34234985e+02, 2.21041931e+02, 3.21278503e+02, 2.48542618e+02,
       3.07105225e+02, 2.79965271e+02, 2.91628204e+02, 3.17353210e+02,
       2.75658630e+02, 3.60113556e+02, 2.61613373e+02, 4.08362549e+02,
       2.48721298e+02, 4.58968201e+02, 2.95295502e+02, 2.21750580e+02,
       2.79278412e+02, 2.46786880e+02, 2.62766388e+02, 2.77433380e+02,
       2.45996506e+02, 3.13230682e+02, 2.27894424e+02, 3.53472626e+02,
       2.12537018e+02, 3.98386963e+02, 1.98259827e+02, 4.45463379e+02 ]
   - [ 6.87712280e+02, 1.45525192e+02, 6.98339539e+02, 1.76429565e+02,
       7.07552368e+02, 2.10892776e+02, 7.14706116e+02, 2.47691299e+02,
       7.20800293e+02, 2.86483002e+02, 7.24720581e+02, 3.25606262e+02,
       7.25260315e+02, 3.64615540e+02, 6.53475220e+02, 1.40747574e+02,
       6.62682678e+02, 1.73640366e+02, 6.71718750e+02, 2.09200638e+02,
       6.78912231e+02, 2.47880936e+02, 6.84624329e+02, 2.88700104e+02,
       6.88468201e+02, 3.30185699e+02, 6.89467407e+02, 3.70957611e+02,
       6.14603577e+02, 1.37062714e+02, 6.23217651e+02, 1.70717667e+02,
       6.31094910e+02, 2.07604294e+02, 6.38614136e+02, 2.48057419e+02,
       6.43218628e+02, 2.91203003e+02, 6.47297424e+02, 3.34588928e+02,
       6.47971008e+02, 3.77632843e+02, 5.71870300e+02, 1.33899490e+02,
       5.79713074e+02, 1.68117889e+02, 5.85655640e+02, 2.07132202e+02,
       5.92163574e+02, 2.48961914e+02, 5.96684326e+02, 2.93602722e+02,
       5.99771729e+02, 3.38986511e+02, 6.00912659e+02, 3.83553040e+02,
       5.25913940e+02, 1.33122803e+02, 5.31021912e+02, 1.67669632e+02,
       5.36095093e+02, 2.06489166e+02, 5.40326782e+02, 2.49956863e+02,
       5.45001099e+02, 2.96040344e+02, 5.47354614e+02, 3.42849396e+02,
       5.49634277e+02, 3.88741089e+02, 4.77254364e+02, 1.32187042e+02,
       4.79830750e+02, 1.67253311e+02, 4.82913330e+02, 2.07675476e+02,
       4.85665192e+02, 2.51517380e+02, 4.88719391e+02, 2.98329773e+02,
       4.91366486e+02, 3.46072113e+02, 4.93379181e+02, 3.92792084e+02,
       4.27610474e+02, 1.34519165e+02, 4.27736877e+02, 1.69195984e+02,
       4.28548248e+02, 2.09564575e+02, 4.29697693e+02, 2.53414291e+02,
       4.31340027e+02, 3.00581879e+02, 4.33424164e+02, 3.48451019e+02,
       4.36576904e+02, 3.94935852e+02, 3.78920410e+02, 1.37628891e+02,
       3.77177124e+02, 1.72742722e+02, 3.75044617e+02, 2.11879578e+02,
       3.74425201e+02, 2.55750793e+02, 3.75111389e+02, 3.02253021e+02,
       3.76813751e+02, 3.49471130e+02, 3.80146637e+02, 3.95490753e+02,
       3.33365204e+02, 1.42154800e+02, 3.28958160e+02, 1.76916885e+02,
       3.24763428e+02, 2.15584229e+02, 3.23007416e+02, 2.58263184e+02,
       3.22375824e+02, 3.03550995e+02, 3.23790649e+02, 3.49483643e+02,
       3.27656403e+02, 3.94234680e+02, 2.90943970e+02, 1.47768372e+02,
       2.83855438e+02, 1.81164185e+02, 2.78881500e+02, 2.19208176e+02,
       2.75805603e+02, 2.60818512e+02, 2.74611023e+02, 3.04480316e+02,
       2.76240997e+02, 3.48601654e+02, 2.79872589e+02, 3.91909485e+02 ]
   - [ 6.77591675e+02, 1.88483200e+02, 6.79570312e+02, 2.20859848e+02,
       6.79318542e+02, 2.54309967e+02, 6.77499207e+02, 2.87712677e+02,
       6.74752869e+02, 3.20965668e+02, 6.70582092e+02, 3.52600647e+02,
       6.64873657e+02, 3.82589935e+02, 6.49744629e+02, 1.82859299e+02,
       6.50591736e+02, 2.17476898e+02, 6.50645386e+02, 2.52733200e+02,
       6.48697876e+02, 2.88423035e+02, 6.46003906e+02, 3.23295441e+02,
       6.41452271e+02, 3.56886749e+02, 6.36230164e+02, 3.88341766e+02,
       6.17151611e+02, 1.77346329e+02, 6.17749146e+02, 2.13731674e+02,
       6.17745911e+02, 2.51149399e+02, 6.16463562e+02, 2.88894135e+02,
       6.12627319e+02, 3.26113647e+02, 6.09518677e+02, 3.61318451e+02,
       6.04407837e+02, 3.94198822e+02, 5.80083618e+02, 1.71736237e+02,
       5.81005432e+02, 2.09916351e+02, 5.79609131e+02, 2.49630356e+02,
       5.78126038e+02, 2.89518890e+02, 5.75341187e+02, 3.28604156e+02,
       5.71774902e+02, 3.65694061e+02, 5.68055176e+02, 3.99732056e+02,
       5.36655457e+02, 1.66777496e+02, 5.37091492e+02, 2.06596252e+02,
       5.36908569e+02, 2.48187500e+02, 5.34588806e+02, 2.90109558e+02,
       5.33408630e+02, 3.31423370e+02, 5.29922485e+02, 3.69659149e+02,
       5.27358093e+02, 4.05104492e+02, 4.90307037e+02, 1.61756546e+02,
       4.89508270e+02, 2.03275894e+02, 4.87871368e+02, 2.46744247e+02,
       4.86482269e+02, 2.90610046e+02, 4.85847260e+02, 3.33630219e+02,
       4.84455292e+02, 3.73232300e+02, 4.82735321e+02, 4.10158661e+02,
       4.38249847e+02, 1.58612015e+02, 4.37279572e+02, 2.00981674e+02,
       4.35886780e+02, 2.45725616e+02, 4.34873047e+02, 2.91113098e+02,
       4.34316833e+02, 3.35043060e+02, 4.34765015e+02, 3.76568787e+02,
       4.35006348e+02, 4.13466370e+02, 3.85165771e+02, 1.56424957e+02,
       3.82925995e+02, 1.99664566e+02, 3.81049652e+02, 2.45150116e+02,
       3.80378326e+02, 2.91185059e+02, 3.81238983e+02, 3.36171539e+02,
       3.83028229e+02, 3.78038971e+02, 3.85256805e+02, 4.15782013e+02,
       3.32325897e+02, 1.55867126e+02, 3.28656342e+02, 1.99352463e+02,
       3.25713654e+02, 2.45079758e+02, 3.26028778e+02, 2.91363159e+02,
       3.28018341e+02, 3.36592224e+02, 3.31042145e+02, 3.78331726e+02,
       3.35787628e+02, 4.16318329e+02, 2.81338776e+02, 1.56919632e+02,
       2.75724762e+02, 1.99722977e+02, 2.73584869e+02, 2.45324677e+02,
       2.74239471e+02, 2.91175385e+02, 2.76039948e+02, 3.36209320e+02,
       2.81609619e+02, 3.77504517e+02, 2.87854614e+02, 4.15572754e+02 ]
