%YAML:1.0
cameraMatrix: !!opencv-matrix
   rows: 3
   cols: 3
   dt: d
   data: [ 6.3734504868343629e+02, 0., 5.1150000000000000e+02, 0.,
       6.3734504868343629e+02, 2.8750000000000000e+02, 0., 0., 1. ]
imageSize_width: 1024
imageSize_height: 576
sensorSize_width: 0
sensorSize_height: 0
distCoeffs: !!opencv-matrix
   rows: 5
   cols: 1
   dt: d
   data: [ -3.7116719846423613e-01, 1.9050311327237451e-01, 0., 0., 0. ]
reprojectionError: 1.3529552221298218e+00
features:
   - [ 3.89797333e+02, 2.85672058e+02, 3.88938202e+02, 2.66601746e+02,
       3.92200684e+02, 2.47048935e+02, 3.92323151e+02, 2.27920837e+02,
       3.95395111e+02, 2.08161026e+02, 3.96708801e+02, 1.88715668e+02,
       3.98684723e+02, 1.69221634e+02, 3.94926300e+02, 2.86728485e+02,
       4.04552521e+02, 2.69201935e+02, 4.05995941e+02, 2.49432892e+02,
       4.07674011e+02, 2.29531693e+02, 4.09504425e+02, 2.09516464e+02,
       4.11276001e+02, 1.89609467e+02, 4.12695465e+02, 1.69710556e+02,
       4.16941284e+02, 2.91869354e+02, 4.18677460e+02, 2.72005219e+02,
       4.20398773e+02, 2.51810242e+02, 4.21906403e+02, 2.31513809e+02,
       4.24121246e+02, 2.11113770e+02, 4.25590668e+02, 1.90619461e+02,
       4.27516602e+02, 1.70318939e+02, 4.31395691e+02, 2.95455017e+02,
       4.33265808e+02, 2.75149750e+02, 4.35744476e+02, 2.54471390e+02,
       4.37464020e+02, 2.33602966e+02, 4.39306885e+02, 2.12655319e+02,
       4.41193268e+02, 1.91840958e+02, 4.42935303e+02, 1.70982452e+02,
       4.47734497e+02, 2.98965149e+02, 4.49110413e+02, 2.78093079e+02,
       4.51204681e+02, 2.57172546e+02, 4.53516235e+02, 2.35885880e+02,
       4.55155640e+02, 2.14433609e+02, 4.57347382e+02, 1.93209412e+02,
       4.59252716e+02, 1.71811432e+02, 4.63278442e+02, 3.02877655e+02,
       4.65652863e+02, 2.81566040e+02, 4.68069916e+02, 2.60066528e+02,
       4.70358307e+02, 2.38388168e+02, 4.71927979e+02, 2.16413666e+02,
       4.74409576e+02, 1.94647446e+02, 4.76090637e+02, 1.72715393e+02,
       4.81389832e+02, 3.07051453e+02, 4.82726532e+02, 2.85133667e+02,
       4.85714142e+02, 2.63205505e+02, 4.87678650e+02, 2.40849823e+02,
       4.90149414e+02, 2.18619629e+02, 4.91686157e+02, 1.96221619e+02,
       4.94211578e+02, 1.74023285e+02, 4.98686646e+02, 3.11026703e+02,
       5.01713867e+02, 2.88966461e+02, 5.03680450e+02, 2.66455292e+02,
       5.06354401e+02, 2.43895126e+02, 5.08494904e+02, 2.20819260e+02,
       5.10594086e+02, 1.98031631e+02, 5.12813782e+02, 1.75349319e+02,
       5.18428345e+02, 3.15746185e+02, 5.20420349e+02, 2.92834137e+02,
       5.23073120e+02, 2.70093201e+02, 5.25268433e+02, 2.46729340e+02,
       5.27710754e+02, 2.23393402e+02, 5.30349792e+02, 2.00083099e+02,
       5.32462646e+02, 1.76876907e+02, 5.37154541e+02, 3.20319305e+02,
       5.39896423e+02, 2.97432281e+02, 5.42360107e+02, 2.73638947e+02,
       5.45499146e+02, 2.50215317e+02, 5.47769409e+02, 2.26116180e+02,
       5.50633545e+02, 2.02427200e+02, 5.52887939e+02, 1.78458771e+02 ]
   - [ 3.20576752e+02, 4.13769714e+02, 3.19723389e+02, 3.66370819e+02,
       3.20193115e+02, 3.18234253e+02, 3.21248596e+02, 2.70660675e+02,
       3.22665741e+02, 2.23473053e+02, 3.24943085e+02, 1.78223892e+02,
       3.27654449e+02, 1.34761841e+02, 3.66645996e+02, 4.15240540e+02,
       3.66872070e+02, 3.66687958e+02, 3.67058167e+02, 3.18221008e+02,
       3.67970001e+02, 2.69877258e+02, 3.69250885e+02, 2.22358749e+02,
       3.70843536e+02, 1.76583374e+02, 3.72805359e+02, 1.32597000e+02,
       4.14845703e+02, 4.16023804e+02, 4.14947357e+02, 3.67264343e+02,
       4.15444153e+02, 3.18264313e+02, 4.15932343e+02, 2.69504547e+02,
       4.17007812e+02, 2.21584259e+02, 4.18009491e+02, 1.75381104e+02,
       4.19208771e+02, 1.31258835e+02, 4.63414856e+02, 4.16606445e+02,
       4.64029388e+02, 3.67600891e+02, 4.64398438e+02, 3.18440735e+02,
       4.64862793e+02, 2.69504303e+02, 4.65376312e+02, 2.21434402e+02,
       4.65736115e+02, 1.75275864e+02, 4.66281219e+02, 1.30902725e+02,
       5.12487915e+02, 4.16505096e+02, 5.12991333e+02, 3.67694031e+02,
       5.13617310e+02, 3.18632599e+02, 5.13719543e+02, 2.69894440e+02,
       5.13840881e+02, 2.21652878e+02, 5.13630432e+02, 1.75743256e+02,
       5.13226074e+02, 1.31589050e+02, 5.60826965e+02, 4.16608704e+02,
       5.62099609e+02, 3.67882629e+02, 5.62040649e+02, 3.19074707e+02,
       5.62242188e+02, 2.70715546e+02, 5.61898132e+02, 2.22779907e+02,
       5.60882996e+02, 1.77164734e+02, 5.60021606e+02, 1.32795227e+02,
       6.07872009e+02, 4.15907349e+02, 6.09136963e+02, 3.67835266e+02,
       6.09447571e+02, 3.19736298e+02, 6.09386597e+02, 2.71656891e+02,
       6.08456482e+02, 2.24588470e+02, 6.07476440e+02, 1.78736099e+02,
       6.05383850e+02, 1.35557068e+02, 6.53020142e+02, 4.15032379e+02,
       6.54374878e+02, 3.67918793e+02, 6.54983459e+02, 3.20433472e+02,
       6.54614014e+02, 2.73309021e+02, 6.53473877e+02, 2.26651489e+02,
       6.51855042e+02, 1.81665359e+02, 6.49480835e+02, 1.38615417e+02,
       6.95946106e+02, 4.14378845e+02, 6.97255249e+02, 3.67606506e+02,
       6.98238281e+02, 3.21342712e+02, 6.97609253e+02, 2.74734039e+02,
       6.96534973e+02, 2.29252914e+02, 6.94032227e+02, 1.85005569e+02,
       6.91020996e+02, 1.42727936e+02, 7.36084290e+02, 4.12914459e+02,
       7.38663147e+02, 3.67838989e+02, 7.38981445e+02, 3.21947632e+02,
       7.38212402e+02, 2.76850464e+02, 7.36683044e+02, 2.31716629e+02,
       7.33775146e+02, 1.88952026e+02, 7.30631836e+02, 1.47064484e+02 ]
   - [ 3.08382507e+02, 4.73293854e+02, 3.00529877e+02, 4.24047943e+02,
       2.93987488e+02, 3.72417328e+02, 2.87911835e+02, 3.20503845e+02,
       2.83311310e+02, 2.68039307e+02, 2.79448669e+02, 2.17107254e+02,
       2.76768463e+02, 1.67429123e+02, 3.57377960e+02, 4.66162537e+02,
       3.51044495e+02, 4.16540497e+02, 3.44481659e+02, 3.66150330e+02,
       3.39099762e+02, 3.14757019e+02, 3.34194733e+02, 2.63410797e+02,
       3.30101776e+02, 2.13046844e+02, 3.26954315e+02, 1.64254105e+02,
       4.06177094e+02, 4.57928558e+02, 3.99689697e+02, 4.09536194e+02,
       3.94465149e+02, 3.59890717e+02, 3.89096039e+02, 3.09608337e+02,
       3.84143524e+02, 2.59209930e+02, 3.79956421e+02, 2.09764694e+02,
       3.76204315e+02, 1.61877121e+02, 4.52355499e+02, 4.49957947e+02,
       4.47583405e+02, 4.02574219e+02, 4.41690002e+02, 3.53905975e+02,
       4.37031769e+02, 3.04743683e+02, 4.32128510e+02, 2.55573105e+02,
       4.27672516e+02, 2.07402267e+02, 4.23547180e+02, 1.60679016e+02,
       4.96305542e+02, 4.41516846e+02, 4.91944366e+02, 3.95411041e+02,
       4.87646484e+02, 3.48139343e+02, 4.82493073e+02, 3.00353790e+02,
       4.78302734e+02, 2.52407089e+02, 4.73256104e+02, 2.05753479e+02,
       4.68701630e+02, 1.60265228e+02, 5.38374268e+02, 4.33584778e+02,
       5.34815430e+02, 3.88727203e+02, 5.29927795e+02, 3.42609863e+02,
       5.25503418e+02, 2.96485596e+02, 5.21432556e+02, 2.49857056e+02,
       5.16247925e+02, 2.04715530e+02, 5.11849915e+02, 1.60432922e+02,
       5.76673645e+02, 4.25522125e+02, 5.73979248e+02, 3.81944489e+02,
       5.69703064e+02, 3.37680176e+02, 5.65879028e+02, 2.92782684e+02,
       5.61086548e+02, 2.48173767e+02, 5.57010559e+02, 2.04067322e+02,
       5.51467590e+02, 1.61488785e+02, 6.12736145e+02, 4.17677551e+02,
       6.09616150e+02, 3.75783600e+02, 6.06882568e+02, 3.32843872e+02,
       6.02724121e+02, 2.89846283e+02, 5.98389832e+02, 2.46600189e+02,
       5.94105835e+02, 2.04178452e+02, 5.88861938e+02, 1.62847168e+02,
       6.45547668e+02, 4.10678680e+02, 6.43040527e+02, 3.69818939e+02,
       6.40655823e+02, 3.28709015e+02, 6.36873352e+02, 2.86990967e+02,
       6.33111450e+02, 2.45509735e+02, 6.27900940e+02, 2.04606888e+02,
       6.22897217e+02, 1.64669632e+02, 6.75753357e+02, 4.03697571e+02,
       6.74804382e+02, 3.64612701e+02, 6.71843628e+02, 3.24631622e+02,
       6.68177856e+02, 2.84708557e+02, 6.64268616e+02, 2.44510330e+02,
       6.59196960e+02, 2.05346924e+02, 6.54319031e+02, 1.66659271e+02 ]
