%YAML:1.0
cameraMatrix: !!opencv-matrix
   rows: 3
   cols: 3
   dt: d
   data: [ 4.6122015625589808e+02, 0., 5.1150000000000000e+02, 0.,
       4.6122015625589808e+02, 2.8750000000000000e+02, 0., 0., 1. ]
imageSize_width: 1024
imageSize_height: 576
sensorSize_width: 0
sensorSize_height: 0
distCoeffs: !!opencv-matrix
   rows: 5
   cols: 1
   dt: d
   data: [ -3.3258373785295864e-01, 7.7576662064726229e-02, 0., 0., 0. ]
reprojectionError: 2.0729024410247803e+00
features:
   - [ 2.73163391e+02, 4.15699646e+02, 2.71674011e+02, 3.80129700e+02,
       2.71614899e+02, 3.43812531e+02, 2.72681427e+02, 3.07851227e+02,
       2.75000916e+02, 2.72683044e+02, 2.77790710e+02, 2.38517914e+02,
       2.81594604e+02, 2.06243591e+02, 3.05190674e+02, 4.17467712e+02,
       3.04022827e+02, 3.80913025e+02, 3.03854126e+02, 3.44115051e+02,
       3.04815674e+02, 3.07176880e+02, 3.06915771e+02, 2.71321381e+02,
       3.09697754e+02, 2.36693542e+02, 3.13047424e+02, 2.03854279e+02,
       3.39547119e+02, 4.18757446e+02, 3.38534607e+02, 3.81648621e+02,
       3.38444580e+02, 3.44112885e+02, 3.39327606e+02, 3.06708374e+02,
       3.40939148e+02, 2.70218170e+02, 3.43335724e+02, 2.35362671e+02,
       3.45975677e+02, 2.02153549e+02, 3.75714050e+02, 4.19681702e+02,
       3.74801331e+02, 3.82140503e+02, 3.74719330e+02, 3.44199615e+02,
       3.75488403e+02, 3.06406525e+02, 3.76617371e+02, 2.69613586e+02,
       3.78428864e+02, 2.34473145e+02, 3.80574158e+02, 2.01266510e+02,
       4.13018585e+02, 4.20023773e+02, 4.12493835e+02, 3.82407288e+02,
       4.12400238e+02, 3.44331848e+02, 4.12711548e+02, 3.06411407e+02,
       4.13506348e+02, 2.69531128e+02, 4.14715637e+02, 2.34566544e+02,
       4.15867615e+02, 2.01053177e+02, 4.50565887e+02, 4.19702942e+02,
       4.50487946e+02, 3.82439728e+02, 4.50438141e+02, 3.44401123e+02,
       4.50523895e+02, 3.06529419e+02, 4.50748779e+02, 2.69900970e+02,
       4.51093719e+02, 2.34753220e+02, 4.51533478e+02, 2.01932190e+02,
       4.87886993e+02, 4.19159393e+02, 4.87908234e+02, 3.82059204e+02,
       4.87904694e+02, 3.44523804e+02, 4.87738800e+02, 3.07117584e+02,
       4.87530884e+02, 2.70797363e+02, 4.87151215e+02, 2.36020462e+02,
       4.86620056e+02, 2.03466492e+02, 5.23821106e+02, 4.17761353e+02,
       5.24205322e+02, 3.81545013e+02, 5.24321655e+02, 3.44594849e+02,
       5.23838928e+02, 3.07918274e+02, 5.23257019e+02, 2.72195587e+02,
       5.22265259e+02, 2.37746872e+02, 5.20984314e+02, 2.05585052e+02,
       5.57918884e+02, 4.16166901e+02, 5.58586548e+02, 3.80667572e+02,
       5.58576477e+02, 3.44645935e+02, 5.58091125e+02, 3.08813873e+02,
       5.57005737e+02, 2.73869202e+02, 5.55421204e+02, 2.40363525e+02,
       5.53423157e+02, 2.08642349e+02, 5.89721497e+02, 4.14083618e+02,
       5.90528137e+02, 3.79685059e+02, 5.90620728e+02, 3.44842133e+02,
       5.89957397e+02, 3.09999268e+02, 5.88659790e+02, 2.75992859e+02,
       5.86647888e+02, 2.43399719e+02, 5.84090332e+02, 2.12138763e+02 ]
   - [ 2.83787415e+02, 4.38745667e+02, 2.90370819e+02, 4.03577271e+02,
       2.97680145e+02, 3.69494659e+02, 3.05637390e+02, 3.37507965e+02,
       3.13807892e+02, 3.07492676e+02, 3.21506744e+02, 2.79338104e+02,
       3.29322662e+02, 2.53719315e+02, 3.13152435e+02, 4.43750671e+02,
       3.19514404e+02, 4.06639160e+02, 3.26601288e+02, 3.71226898e+02,
       3.33859955e+02, 3.37716522e+02, 3.41651215e+02, 3.06596191e+02,
       3.48901917e+02, 2.77911652e+02, 3.56086334e+02, 2.51474609e+02,
       3.46287170e+02, 4.48553650e+02, 3.52047455e+02, 4.09850525e+02,
       3.58362457e+02, 3.72644409e+02, 3.65157227e+02, 3.38050537e+02,
       3.71795166e+02, 3.05856720e+02, 3.78604370e+02, 2.76519379e+02,
       3.84348999e+02, 2.49394623e+02, 3.82759491e+02, 4.53276031e+02,
       3.87993469e+02, 4.12958313e+02, 3.93507080e+02, 3.74422363e+02,
       3.99036560e+02, 3.38389465e+02, 4.04788177e+02, 3.05344299e+02,
       4.10236023e+02, 2.75179169e+02, 4.15493500e+02, 2.47727295e+02,
       4.22721649e+02, 4.57338654e+02, 4.27062653e+02, 4.15699310e+02,
       4.31365570e+02, 3.75953644e+02, 4.35651337e+02, 3.38827637e+02,
       4.39834351e+02, 3.04813629e+02, 4.43977051e+02, 2.74121552e+02,
       4.47348969e+02, 2.46405609e+02, 4.65371094e+02, 4.60649078e+02,
       4.68475677e+02, 4.18015503e+02, 4.71495819e+02, 3.77303375e+02,
       4.74305237e+02, 3.39386566e+02, 4.76825287e+02, 3.04796509e+02,
       4.79115875e+02, 2.73432312e+02, 4.81046692e+02, 2.45697372e+02,
       5.09430542e+02, 4.63011536e+02, 5.11499054e+02, 4.19656830e+02,
       5.12933594e+02, 3.78444672e+02, 5.14050720e+02, 3.40039124e+02,
       5.14650940e+02, 3.04873657e+02, 5.15090698e+02, 2.73364288e+02,
       5.15114807e+02, 2.45330276e+02, 5.53965149e+02, 4.64203369e+02,
       5.54773987e+02, 4.20652283e+02, 5.54748169e+02, 3.79095154e+02,
       5.53985840e+02, 3.40629211e+02, 5.52934082e+02, 3.05486572e+02,
       5.51349792e+02, 2.73580566e+02, 5.49534912e+02, 2.45432541e+02,
       5.97500977e+02, 4.64248962e+02, 5.97013306e+02, 4.20962952e+02,
       5.95455139e+02, 3.79761963e+02, 5.93194763e+02, 3.41427551e+02,
       5.90259888e+02, 3.06306946e+02, 5.87041321e+02, 2.74583557e+02,
       5.83396973e+02, 2.46279984e+02, 6.38786682e+02, 4.63209961e+02,
       6.37369446e+02, 4.20577301e+02, 6.34523621e+02, 3.79937469e+02,
       6.30779602e+02, 3.42059082e+02, 6.26298157e+02, 3.07313904e+02,
       6.21416687e+02, 2.75867218e+02, 6.16203613e+02, 2.47461014e+02 ]
   - [ 2.85163727e+02, 4.35453003e+02, 2.90809143e+02, 4.00138611e+02,
       2.97290649e+02, 3.66156982e+02, 3.04430481e+02, 3.34276947e+02,
       3.11764313e+02, 3.04345917e+02, 3.18814636e+02, 2.76268829e+02,
       3.25793762e+02, 2.50657318e+02, 3.14497528e+02, 4.39459564e+02,
       3.20062561e+02, 4.02329468e+02, 3.26245850e+02, 3.66933594e+02,
       3.32586548e+02, 3.33500214e+02, 3.39492767e+02, 3.02625183e+02,
       3.45983551e+02, 2.74117188e+02, 3.52672485e+02, 2.47625122e+02,
       3.47778290e+02, 4.43067932e+02, 3.52531219e+02, 4.04492584e+02,
       3.57956238e+02, 3.67402496e+02, 3.63783386e+02, 3.32965210e+02,
       3.69628876e+02, 3.00957855e+02, 3.75650391e+02, 2.71838379e+02,
       3.80676453e+02, 2.44806534e+02, 3.84435211e+02, 4.46651215e+02,
       3.88469543e+02, 4.06424622e+02, 3.92924500e+02, 3.68078552e+02,
       3.97491150e+02, 3.32339630e+02, 4.02493927e+02, 2.99483124e+02,
       4.07069458e+02, 2.69689697e+02, 4.11667542e+02, 2.42568695e+02,
       4.24365540e+02, 4.49436249e+02, 4.27522064e+02, 4.08057617e+02,
       4.30641205e+02, 3.68579010e+02, 4.33985535e+02, 3.31845581e+02,
       4.37269836e+02, 2.98193726e+02, 4.40599854e+02, 2.67919281e+02,
       4.43245331e+02, 2.40393784e+02, 4.66761566e+02, 4.51620300e+02,
       4.68732483e+02, 4.09232056e+02, 4.70616516e+02, 3.68925720e+02,
       4.72359131e+02, 3.31387634e+02, 4.73909729e+02, 2.97257721e+02,
       4.75441132e+02, 2.66371307e+02, 4.76717773e+02, 2.39067596e+02,
       5.10613647e+02, 4.52764771e+02, 5.11440613e+02, 4.09729767e+02,
       5.11770050e+02, 3.68939178e+02, 5.11868561e+02, 3.31048676e+02,
       5.11595123e+02, 2.96500824e+02, 5.11125946e+02, 2.65459839e+02,
       5.10512939e+02, 2.37767380e+02, 5.54776550e+02, 4.52857880e+02,
       5.54427185e+02, 4.09657349e+02, 5.53283691e+02, 3.68737579e+02,
       5.51391296e+02, 3.30783020e+02, 5.49422546e+02, 2.96202576e+02,
       5.47190002e+02, 2.64907013e+02, 5.44672424e+02, 2.37281464e+02,
       5.97826233e+02, 4.51977112e+02, 5.96286133e+02, 4.09189819e+02,
       5.93523071e+02, 3.68460541e+02, 5.90297668e+02, 3.30700348e+02,
       5.86466125e+02, 2.96305328e+02, 5.82455383e+02, 2.65277466e+02,
       5.78246399e+02, 2.37458649e+02, 6.38856934e+02, 4.50035187e+02,
       6.36166931e+02, 4.08043488e+02, 6.32294189e+02, 3.67977997e+02,
       6.27482910e+02, 3.30690033e+02, 6.22265930e+02, 2.96587067e+02,
       6.16482483e+02, 2.65764221e+02, 6.10701111e+02, 2.38213120e+02 ]
